mysql root@(none):covid_data> select Name, Never_Mask, Rarely_Mask, Sometimes_Mask, Frequently_Mask, Always_Mask  from `County` order by `Always_Mask` desc;
+-----------------------------------+------------+-------------+----------------+-----------------+-------------+
| Name                              | Never_Mask | Rarely_Mask | Sometimes_Mask | Frequently_Mask | Always_Mask |
+-----------------------------------+------------+-------------+----------------+-----------------+-------------+
| Inyo                              | 0.033      | 0.011       | 0.008          | 0.058           | 0.889       |
| Yates                             | 0.000      | 0.006       | 0.023          | 0.087           | 0.884       |
| Mono                              | 0.011      | 0.026       | 0.012          | 0.070           | 0.880       |
| Hudspeth                          | 0.013      | 0.003       | 0.076          | 0.029           | 0.880       |
| El Paso                           | 0.007      | 0.007       | 0.033          | 0.075           | 0.877       |
| Esmeralda                         | 0.086      | 0.004       | 0.006          | 0.032           | 0.872       |
| Humboldt                          | 0.042      | 0.006       | 0.018          | 0.069           | 0.865       |
| Seneca                            | 0.001      | 0.012       | 0.042          | 0.082           | 0.864       |
| Wyoming                           | 0.001      | 0.024       | 0.008          | 0.107           | 0.861       |
| Hampshire                         | 0.011      | 0.006       | 0.017          | 0.109           | 0.857       |
| Sussex                            | 0.005      | 0.001       | 0.035          | 0.103           | 0.856       |
| Hays                              | 0.000      | 0.007       | 0.022          | 0.115           | 0.855       |
| Dutchess                          | 0.007      | 0.009       | 0.031          | 0.099           | 0.854       |
| Putnam                            | 0.003      | 0.018       | 0.022          | 0.105           | 0.852       |
| Kalawao                           | 0.026      | 0.013       | 0.032          | 0.080           | 0.850       |
| Lake                              | 0.003      | 0.004       | 0.007          | 0.136           | 0.849       |
| Ontario                           | 0.001      | 0.012       | 0.031          | 0.107           | 0.849       |
| Columbia                          | 0.014      | 0.004       | 0.029          | 0.104           | 0.848       |
| Dorchester                        | 0.020      | 0.006       | 0.011          | 0.119           | 0.844       |
| Talbot                            | 0.012      | 0.012       | 0.006          | 0.127           | 0.843       |
| Lackawanna                        | 0.007      | 0.006       | 0.039          | 0.106           | 0.843       |
| Worcester                         | 0.003      | 0.004       | 0.042          | 0.110           | 0.842       |
| Schenectady                       | 0.040      | 0.007       | 0.051          | 0.060           | 0.841       |
| Barnstable                        | 0.019      | 0.007       | 0.026          | 0.109           | 0.839       |
| Cibola                            | 0.003      | 0.059       | 0.014          | 0.085           | 0.839       |
| Tioga                             | 0.019      | 0.011       | 0.018          | 0.114           | 0.839       |
| San Patricio                      | 0.015      | 0.020       | 0.053          | 0.074           | 0.838       |
| Santa Cruz                        | 0.028      | 0.002       | 0.058          | 0.074           | 0.837       |
| Imperial                          | 0.001      | 0.005       | 0.030          | 0.128           | 0.836       |
| Wyoming                           | 0.035      | 0.008       | 0.049          | 0.072           | 0.836       |
| Livingston                        | 0.011      | 0.034       | 0.009          | 0.111           | 0.835       |
| Nueces                            | 0.024      | 0.034       | 0.028          | 0.079           | 0.835       |
| Berkshire                         | 0.030      | 0.004       | 0.049          | 0.082           | 0.834       |
| Tompkins                          | 0.012      | 0.010       | 0.046          | 0.098           | 0.833       |
| Charlottesville city              | 0.023      | 0.019       | 0.050          | 0.075           | 0.833       |
| Madison                           | 0.003      | 0.015       | 0.043          | 0.107           | 0.832       |
| Durham                            | 0.017      | 0.014       | 0.033          | 0.104           | 0.832       |
| Starr                             | 0.039      | 0.008       | 0.023          | 0.100           | 0.831       |
| Wayne                             | 0.004      | 0.009       | 0.080          | 0.080           | 0.828       |
| Gonzales                          | 0.001      | 0.001       | 0.091          | 0.078           | 0.828       |
| Bristol                           | 0.007      | 0.003       | 0.020          | 0.143           | 0.827       |
| DeWitt                            | 0.003      | 0.019       | 0.091          | 0.061           | 0.827       |
| Lehigh                            | 0.014      | 0.004       | 0.053          | 0.103           | 0.826       |
| Hidalgo                           | 0.055      | 0.003       | 0.033          | 0.084           | 0.826       |
| Kauai                             | 0.000      | 0.021       | 0.046          | 0.108           | 0.825       |
| Schoharie                         | 0.007      | 0.020       | 0.040          | 0.108           | 0.825       |
| Accomack                          | 0.001      | 0.019       | 0.055          | 0.100           | 0.824       |
| Monroe                            | 0.019      | 0.047       | 0.052          | 0.061           | 0.822       |
| Northampton                       | 0.015      | 0.012       | 0.034          | 0.118           | 0.822       |
| Susquehanna                       | 0.046      | 0.029       | 0.038          | 0.065           | 0.822       |
| Bexar                             | 0.015      | 0.016       | 0.057          | 0.090           | 0.822       |
| Chester                           | 0.006      | 0.022       | 0.038          | 0.113           | 0.820       |
| McKean                            | 0.012      | 0.004       | 0.030          | 0.134           | 0.820       |
| Willacy                           | 0.034      | 0.015       | 0.067          | 0.064           | 0.820       |
| Monroe                            | 0.007      | 0.001       | 0.014          | 0.159           | 0.819       |
| Ulster                            | 0.014      | 0.023       | 0.045          | 0.100           | 0.818       |
| San Francisco                     | 0.017      | 0.011       | 0.035          | 0.121           | 0.817       |
| Sullivan                          | 0.024      | 0.030       | 0.043          | 0.085           | 0.817       |
| Newport                           | 0.004      | 0.006       | 0.046          | 0.129           | 0.815       |
| Delaware                          | 0.010      | 0.010       | 0.044          | 0.123           | 0.814       |
| Cameron                           | 0.035      | 0.061       | 0.034          | 0.056           | 0.813       |
| Litchfield                        | 0.017      | 0.051       | 0.021          | 0.098           | 0.812       |
| Somerset                          | 0.004      | 0.010       | 0.047          | 0.128           | 0.812       |
| Plymouth                          | 0.014      | 0.017       | 0.045          | 0.112           | 0.812       |
| Doña Ana                          | 0.011      | 0.044       | 0.036          | 0.097           | 0.812       |
| Broome                            | 0.044      | 0.028       | 0.051          | 0.066           | 0.812       |
| Kent                              | 0.026      | 0.006       | 0.106          | 0.051           | 0.811       |
| Tolland                           | 0.008      | 0.008       | 0.027          | 0.147           | 0.810       |
| Lincoln                           | 0.001      | 0.012       | 0.047          | 0.131           | 0.810       |
| Albemarle                         | 0.023      | 0.022       | 0.054          | 0.093           | 0.810       |
| Middlesex                         | 0.003      | 0.007       | 0.055          | 0.128           | 0.807       |
| Kent                              | 0.016      | 0.003       | 0.050          | 0.123           | 0.807       |
| Washington                        | 0.012      | 0.022       | 0.034          | 0.126           | 0.807       |
| Contra Costa                      | 0.018      | 0.016       | 0.039          | 0.121           | 0.806       |
| Mora                              | 0.002      | 0.027       | 0.067          | 0.098           | 0.806       |
| Norfolk                           | 0.020      | 0.015       | 0.035          | 0.125           | 0.805       |
| Bucks                             | 0.014      | 0.018       | 0.032          | 0.131           | 0.805       |
| Yuma                              | 0.008      | 0.013       | 0.046          | 0.129           | 0.804       |
| Harrison                          | 0.073      | 0.044       | 0.031          | 0.047           | 0.804       |
| Wicomico                          | 0.006      | 0.011       | 0.063          | 0.116           | 0.804       |
| Hunterdon                         | 0.007      | 0.038       | 0.065          | 0.085           | 0.804       |
| Riverside                         | 0.026      | 0.014       | 0.041          | 0.116           | 0.803       |
| Maui                              | 0.034      | 0.016       | 0.025          | 0.122           | 0.803       |
| Santa Fe                          | 0.008      | 0.016       | 0.031          | 0.143           | 0.803       |
| Cortland                          | 0.001      | 0.062       | 0.015          | 0.118           | 0.803       |
| Marin                             | 0.011      | 0.000       | 0.046          | 0.141           | 0.802       |
| Camden                            | 0.028      | 0.005       | 0.027          | 0.137           | 0.802       |
| Atascosa                          | 0.001      | 0.010       | 0.032          | 0.156           | 0.802       |
| Orange                            | 0.010      | 0.020       | 0.028          | 0.142           | 0.801       |
| San Diego                         | 0.017      | 0.023       | 0.034          | 0.126           | 0.800       |
| San Miguel                        | 0.004      | 0.020       | 0.057          | 0.119           | 0.800       |
| Hawaii                            | 0.010      | 0.032       | 0.037          | 0.122           | 0.799       |
| Honolulu                          | 0.011      | 0.012       | 0.027          | 0.151           | 0.798       |
| Middlesex                         | 0.023      | 0.011       | 0.041          | 0.127           | 0.798       |
| Westchester                       | 0.025      | 0.018       | 0.044          | 0.115           | 0.798       |
| Santa Cruz                        | 0.008      | 0.000       | 0.086          | 0.109           | 0.797       |
| Clatsop                           | 0.052      | 0.027       | 0.051          | 0.073           | 0.797       |
| Alameda                           | 0.019      | 0.008       | 0.055          | 0.123           | 0.795       |
| Sonoma                            | 0.022      | 0.012       | 0.022          | 0.149           | 0.795       |
| New Haven                         | 0.023      | 0.014       | 0.053          | 0.115           | 0.795       |
| Travis                            | 0.015      | 0.008       | 0.024          | 0.158           | 0.795       |
| Philadelphia                      | 0.023      | 0.012       | 0.051          | 0.120           | 0.794       |
| Guadalupe                         | 0.027      | 0.022       | 0.032          | 0.125           | 0.794       |
| Cattaraugus                       | 0.015      | 0.013       | 0.024          | 0.156           | 0.793       |
| Nantucket                         | 0.015      | 0.003       | 0.034          | 0.156           | 0.792       |
| Centre                            | 0.017      | 0.013       | 0.076          | 0.101           | 0.792       |
| Yolo                              | 0.007      | 0.005       | 0.040          | 0.156           | 0.791       |
| Broward                           | 0.026      | 0.023       | 0.043          | 0.117           | 0.791       |
| Somerset                          | 0.016      | 0.027       | 0.046          | 0.120           | 0.791       |
| Wayne                             | 0.001      | 0.016       | 0.061          | 0.132           | 0.789       |
| Presidio                          | 0.003      | 0.003       | 0.032          | 0.174           | 0.789       |
| Kendall                           | 0.001      | 0.009       | 0.065          | 0.136           | 0.788       |
| Essex                             | 0.023      | 0.010       | 0.047          | 0.131           | 0.788       |
| Suffolk                           | 0.020      | 0.007       | 0.049          | 0.136           | 0.788       |
| Albany                            | 0.006      | 0.012       | 0.052          | 0.142           | 0.788       |
| Greene                            | 0.022      | 0.014       | 0.030          | 0.146           | 0.788       |
| Blanco                            | 0.005      | 0.019       | 0.115          | 0.074           | 0.788       |
| Los Angeles                       | 0.021      | 0.013       | 0.049          | 0.131           | 0.786       |
| San Mateo                         | 0.016      | 0.013       | 0.058          | 0.126           | 0.786       |
| New Castle                        | 0.027      | 0.013       | 0.041          | 0.133           | 0.786       |
| Dukes                             | 0.006      | 0.010       | 0.037          | 0.160           | 0.786       |
| Hampden                           | 0.013      | 0.017       | 0.055          | 0.130           | 0.786       |
| York                              | 0.006      | 0.021       | 0.024          | 0.162           | 0.786       |
| Kitsap                            | 0.024      | 0.003       | 0.051          | 0.136           | 0.786       |
| Gilpin                            | 0.001      | 0.027       | 0.017          | 0.170           | 0.785       |
| Taos                              | 0.006      | 0.041       | 0.055          | 0.113           | 0.785       |
| Monroe                            | 0.018      | 0.012       | 0.056          | 0.129           | 0.785       |
| Spotsylvania                      | 0.050      | 0.019       | 0.030          | 0.115           | 0.785       |
| Summit                            | 0.000      | 0.001       | 0.064          | 0.151           | 0.784       |
| Palm Beach                        | 0.030      | 0.020       | 0.050          | 0.116           | 0.784       |
| Val Verde                         | 0.003      | 0.050       | 0.090          | 0.072           | 0.784       |
| Fredericksburg city               | 0.038      | 0.007       | 0.034          | 0.136           | 0.784       |
| Storey                            | 0.015      | 0.038       | 0.039          | 0.126           | 0.782       |
| Suffolk                           | 0.040      | 0.019       | 0.053          | 0.106           | 0.782       |
| Genesee                           | 0.001      | 0.017       | 0.015          | 0.187           | 0.781       |
| Fairfield                         | 0.027      | 0.019       | 0.060          | 0.114           | 0.780       |
| Jefferson                         | 0.008      | 0.058       | 0.038          | 0.116           | 0.780       |
| Burlington                        | 0.023      | 0.020       | 0.043          | 0.134           | 0.779       |
| Nassau                            | 0.017      | 0.018       | 0.043          | 0.142           | 0.779       |
| Otsego                            | 0.032      | 0.065       | 0.027          | 0.096           | 0.779       |
| Luzerne                           | 0.016      | 0.024       | 0.045          | 0.136           | 0.779       |
| Zapata                            | 0.047      | 0.001       | 0.035          | 0.138           | 0.779       |
| Harford                           | 0.008      | 0.009       | 0.037          | 0.168           | 0.778       |
| Ventura                           | 0.024      | 0.011       | 0.033          | 0.156           | 0.777       |
| Baltimore                         | 0.013      | 0.024       | 0.043          | 0.142           | 0.777       |
| Montgomery                        | 0.025      | 0.029       | 0.041          | 0.128           | 0.777       |
| Pike                              | 0.010      | 0.013       | 0.036          | 0.165           | 0.777       |
| Oneida                            | 0.016      | 0.025       | 0.033          | 0.153           | 0.774       |
| Fort Bend                         | 0.024      | 0.030       | 0.057          | 0.115           | 0.774       |
| Napa                              | 0.017      | 0.026       | 0.033          | 0.149           | 0.773       |
| Clinton                           | 0.017      | 0.024       | 0.102          | 0.084           | 0.773       |
| Ocean                             | 0.012      | 0.056       | 0.055          | 0.104           | 0.772       |
| Kenedy                            | 0.040      | 0.010       | 0.080          | 0.098           | 0.772       |
| Fauquier                          | 0.040      | 0.013       | 0.042          | 0.133           | 0.772       |
| Fluvanna                          | 0.037      | 0.014       | 0.077          | 0.100           | 0.772       |
| Newport News city                 | 0.010      | 0.038       | 0.035          | 0.145           | 0.772       |
| Allegany                          | 0.062      | 0.015       | 0.028          | 0.124           | 0.771       |
| Hampton city                      | 0.008      | 0.025       | 0.078          | 0.118           | 0.771       |
| Mendocino                         | 0.002      | 0.003       | 0.004          | 0.222           | 0.770       |
| Caroline                          | 0.009      | 0.019       | 0.033          | 0.168           | 0.770       |
| Benton                            | 0.007      | 0.007       | 0.059          | 0.156           | 0.770       |
| Bennington                        | 0.028      | 0.058       | 0.061          | 0.084           | 0.770       |
| Lake                              | 0.020      | 0.018       | 0.046          | 0.146           | 0.769       |
| Bourbon                           | 0.024      | 0.037       | 0.042          | 0.129           | 0.769       |
| San Bernardino                    | 0.027      | 0.022       | 0.048          | 0.134           | 0.768       |
| Worcester                         | 0.020      | 0.027       | 0.043          | 0.142           | 0.768       |
| Hartford                          | 0.015      | 0.023       | 0.065          | 0.130           | 0.767       |
| St. Clair                         | 0.032      | 0.027       | 0.037          | 0.138           | 0.767       |
| Webb                              | 0.033      | 0.000       | 0.064          | 0.136           | 0.767       |
| Kings                             | 0.075      | 0.016       | 0.049          | 0.094           | 0.766       |
| Guadalupe                         | 0.014      | 0.049       | 0.072          | 0.098           | 0.766       |
| Erie                              | 0.018      | 0.014       | 0.040          | 0.161           | 0.766       |
| Oswego                            | 0.017      | 0.003       | 0.094          | 0.119           | 0.766       |
| Chatham                           | 0.007      | 0.025       | 0.063          | 0.139           | 0.766       |
| Erie                              | 0.016      | 0.025       | 0.057          | 0.136           | 0.766       |
| Middlesex                         | 0.020      | 0.016       | 0.054          | 0.146           | 0.765       |
| Lewis                             | 0.069      | 0.036       | 0.020          | 0.110           | 0.765       |
| Falls Church city                 | 0.007      | 0.033       | 0.038          | 0.158           | 0.765       |
| Lincoln                           | 0.017      | 0.086       | 0.023          | 0.108           | 0.765       |
| Santa Clara                       | 0.015      | 0.014       | 0.040          | 0.168           | 0.764       |
| Monmouth                          | 0.010      | 0.022       | 0.041          | 0.164           | 0.764       |
| Carbon                            | 0.013      | 0.062       | 0.015          | 0.145           | 0.764       |
| Monterey                          | 0.023      | 0.006       | 0.066          | 0.141           | 0.763       |
| St. Mary's                        | 0.040      | 0.009       | 0.036          | 0.152           | 0.763       |
| Jeff Davis                        | 0.009      | 0.005       | 0.038          | 0.186           | 0.763       |
| Loudoun                           | 0.014      | 0.012       | 0.038          | 0.173           | 0.763       |
| Frederick                         | 0.028      | 0.036       | 0.062          | 0.113           | 0.762       |
| Franklin                          | 0.043      | 0.011       | 0.028          | 0.156           | 0.762       |
| Bergen                            | 0.020      | 0.014       | 0.053          | 0.151           | 0.762       |
| Cumberland                        | 0.032      | 0.006       | 0.058          | 0.142           | 0.762       |
| Catron                            | 0.054      | 0.039       | 0.036          | 0.109           | 0.762       |
| Sandoval                          | 0.017      | 0.015       | 0.096          | 0.110           | 0.762       |
| Limestone                         | 0.005      | 0.086       | 0.061          | 0.087           | 0.762       |
| Allegheny                         | 0.017      | 0.022       | 0.035          | 0.165           | 0.761       |
| Montgomery                        | 0.016      | 0.019       | 0.044          | 0.160           | 0.761       |
| Goochland                         | 0.034      | 0.043       | 0.065          | 0.097           | 0.761       |
| Northampton                       | 0.001      | 0.037       | 0.089          | 0.112           | 0.761       |
| Prince William                    | 0.047      | 0.027       | 0.055          | 0.110           | 0.761       |
| Benton                            | 0.084      | 0.011       | 0.064          | 0.080           | 0.761       |
| DuPage                            | 0.010      | 0.010       | 0.056          | 0.163           | 0.760       |
| Sullivan                          | 0.025      | 0.035       | 0.038          | 0.141           | 0.760       |
| Mathews                           | 0.001      | 0.001       | 0.049          | 0.190           | 0.760       |
| Skamania                          | 0.019      | 0.048       | 0.092          | 0.080           | 0.760       |
| Pima                              | 0.023      | 0.024       | 0.073          | 0.121           | 0.759       |
| Scott                             | 0.040      | 0.044       | 0.076          | 0.081           | 0.759       |
| Dawson                            | 0.030      | 0.023       | 0.074          | 0.115           | 0.759       |
| Island                            | 0.015      | 0.009       | 0.066          | 0.150           | 0.759       |
| Bernalillo                        | 0.036      | 0.014       | 0.057          | 0.135           | 0.758       |
| Herkimer                          | 0.015      | 0.026       | 0.042          | 0.158           | 0.758       |
| Mercer                            | 0.017      | 0.014       | 0.050          | 0.162           | 0.757       |
| Dallas                            | 0.024      | 0.019       | 0.059          | 0.141           | 0.757       |
| Victoria                          | 0.008      | 0.039       | 0.138          | 0.058           | 0.757       |
| Miami-Dade                        | 0.032      | 0.023       | 0.060          | 0.128           | 0.756       |
| DeKalb                            | 0.007      | 0.012       | 0.034          | 0.191           | 0.756       |
| Passaic                           | 0.029      | 0.015       | 0.063          | 0.138           | 0.756       |
| Onondaga                          | 0.019      | 0.008       | 0.054          | 0.163           | 0.756       |
| Washington                        | 0.006      | 0.009       | 0.059          | 0.169           | 0.756       |
| Terrell                           | 0.019      | 0.029       | 0.030          | 0.167           | 0.755       |
| Mineral                           | 0.022      | 0.018       | 0.090          | 0.115           | 0.755       |
| Orange                            | 0.023      | 0.021       | 0.046          | 0.156           | 0.754       |
| Grand                             | 0.006      | 0.002       | 0.050          | 0.187           | 0.754       |
| Providence                        | 0.022      | 0.014       | 0.050          | 0.159           | 0.754       |
| Jefferson                         | 0.011      | 0.000       | 0.064          | 0.171           | 0.754       |
| Lake                              | 0.002      | 0.016       | 0.036          | 0.193           | 0.753       |
| Bee                               | 0.001      | 0.003       | 0.052          | 0.190           | 0.753       |
| Medina                            | 0.006      | 0.017       | 0.070          | 0.155           | 0.753       |
| Franklin                          | 0.106      | 0.013       | 0.059          | 0.069           | 0.753       |
| Madera                            | 0.019      | 0.059       | 0.048          | 0.124           | 0.751       |
| Alachua                           | 0.001      | 0.024       | 0.053          | 0.170           | 0.751       |
| Rensselaer                        | 0.018      | 0.018       | 0.073          | 0.140           | 0.751       |
| Saratoga                          | 0.020      | 0.012       | 0.062          | 0.156           | 0.751       |
| Caldwell                          | 0.001      | 0.001       | 0.063          | 0.185           | 0.751       |
| Boulder                           | 0.008      | 0.015       | 0.032          | 0.195           | 0.750       |
| Pinellas                          | 0.025      | 0.019       | 0.074          | 0.133           | 0.750       |
| Karnes                            | 0.000      | 0.001       | 0.104          | 0.145           | 0.750       |
| Arlington                         | 0.010      | 0.018       | 0.035          | 0.187           | 0.750       |
| Caroline                          | 0.047      | 0.032       | 0.031          | 0.140           | 0.750       |
| James City                        | 0.006      | 0.008       | 0.005          | 0.231           | 0.750       |
| Warren                            | 0.035      | 0.020       | 0.044          | 0.152           | 0.749       |
| Montgomery                        | 0.102      | 0.005       | 0.054          | 0.090           | 0.749       |
| Bandera                           | 0.073      | 0.018       | 0.070          | 0.090           | 0.749       |
| Kane                              | 0.013      | 0.026       | 0.048          | 0.165           | 0.748       |
| Jim Hogg                          | 0.071      | 0.003       | 0.079          | 0.099           | 0.748       |
| Jim Wells                         | 0.057      | 0.007       | 0.137          | 0.051           | 0.748       |
| Fairfax                           | 0.018      | 0.016       | 0.054          | 0.163           | 0.748       |
| Louisa                            | 0.025      | 0.045       | 0.036          | 0.146           | 0.748       |
| New London                        | 0.025      | 0.021       | 0.066          | 0.142           | 0.747       |
| Bristol                           | 0.016      | 0.020       | 0.056          | 0.161           | 0.747       |
| Potter                            | 0.061      | 0.011       | 0.061          | 0.120           | 0.747       |
| Uvalde                            | 0.014      | 0.022       | 0.136          | 0.081           | 0.747       |
| Greene                            | 0.011      | 0.038       | 0.052          | 0.153           | 0.747       |
| Whatcom                           | 0.042      | 0.028       | 0.061          | 0.122           | 0.747       |
| Carroll                           | 0.014      | 0.008       | 0.062          | 0.170           | 0.746       |
| Gloucester                        | 0.047      | 0.010       | 0.052          | 0.145           | 0.746       |
| Socorro                           | 0.002      | 0.008       | 0.050          | 0.193           | 0.746       |
| Orange                            | 0.023      | 0.008       | 0.042          | 0.180           | 0.746       |
| Person                            | 0.010      | 0.008       | 0.070          | 0.166           | 0.746       |
| Aransas                           | 0.006      | 0.005       | 0.170          | 0.074           | 0.746       |
| Clallam                           | 0.001      | 0.000       | 0.028          | 0.225           | 0.746       |
| San Luis Obispo                   | 0.025      | 0.024       | 0.037          | 0.169           | 0.745       |
| Franklin                          | 0.038      | 0.030       | 0.061          | 0.127           | 0.745       |
| Delaware                          | 0.057      | 0.053       | 0.034          | 0.112           | 0.744       |
| Wayne                             | 0.017      | 0.018       | 0.090          | 0.132           | 0.744       |
| District of Columbia              | 0.012      | 0.013       | 0.069          | 0.164           | 0.743       |
| Baker                             | 0.027      | 0.048       | 0.054          | 0.127           | 0.743       |
| Colfax                            | 0.041      | 0.019       | 0.091          | 0.106           | 0.743       |
| Clark                             | 0.027      | 0.032       | 0.054          | 0.145           | 0.742       |
| Manassas city                     | 0.033      | 0.023       | 0.027          | 0.175           | 0.742       |
| Fresno                            | 0.021      | 0.022       | 0.059          | 0.156           | 0.741       |
| Clark                             | 0.020      | 0.021       | 0.048          | 0.170           | 0.741       |
| Cape May                          | 0.013      | 0.011       | 0.022          | 0.214           | 0.740       |
| Comal                             | 0.007      | 0.044       | 0.063          | 0.146           | 0.740       |
| Palo Pinto                        | 0.027      | 0.023       | 0.029          | 0.181           | 0.740       |
| Clarke                            | 0.013      | 0.036       | 0.057          | 0.154           | 0.740       |
| Yakima                            | 0.012      | 0.035       | 0.069          | 0.143           | 0.740       |
| San Benito                        | 0.018      | 0.004       | 0.063          | 0.175           | 0.739       |
| Will                              | 0.041      | 0.024       | 0.062          | 0.134           | 0.739       |
| Anne Arundel                      | 0.018      | 0.022       | 0.067          | 0.154           | 0.739       |
| Cecil                             | 0.009      | 0.018       | 0.054          | 0.182           | 0.738       |
| Multnomah                         | 0.013      | 0.016       | 0.054          | 0.178           | 0.738       |
| Santa Barbara                     | 0.015      | 0.020       | 0.075          | 0.153           | 0.737       |
| Calhoun                           | 0.013      | 0.035       | 0.043          | 0.172           | 0.737       |
| Goliad                            | 0.001      | 0.025       | 0.160          | 0.077           | 0.737       |
| Williamsburg city                 | 0.005      | 0.009       | 0.001          | 0.249           | 0.737       |
| Allegany                          | 0.007      | 0.010       | 0.035          | 0.213           | 0.736       |
| Essex                             | 0.050      | 0.050       | 0.057          | 0.107           | 0.736       |
| Granville                         | 0.042      | 0.033       | 0.082          | 0.107           | 0.736       |
| Harris                            | 0.019      | 0.024       | 0.069          | 0.152           | 0.736       |
| Lavaca                            | 0.008      | 0.029       | 0.114          | 0.114           | 0.736       |
| Chenango                          | 0.048      | 0.045       | 0.015          | 0.156           | 0.735       |
| Washington                        | 0.052      | 0.020       | 0.045          | 0.149           | 0.735       |
| Maricopa                          | 0.023      | 0.025       | 0.059          | 0.158           | 0.734       |
| Broomfield                        | 0.018      | 0.005       | 0.042          | 0.201           | 0.734       |
| Douglas                           | 0.006      | 0.009       | 0.024          | 0.227           | 0.734       |
| Atlantic                          | 0.019      | 0.041       | 0.030          | 0.176           | 0.734       |
| Baltimore city                    | 0.024      | 0.032       | 0.063          | 0.148           | 0.733       |
| Washtenaw                         | 0.019      | 0.022       | 0.046          | 0.180           | 0.733       |
| Franklin                          | 0.026      | 0.027       | 0.117          | 0.097           | 0.733       |
| Beaufort                          | 0.038      | 0.027       | 0.055          | 0.147           | 0.733       |
| Kinney                            | 0.004      | 0.059       | 0.121          | 0.084           | 0.733       |
| San Jacinto                       | 0.009      | 0.064       | 0.082          | 0.112           | 0.733       |
| Lee                               | 0.035      | 0.033       | 0.039          | 0.162           | 0.732       |
| Cayuga                            | 0.000      | 0.033       | 0.072          | 0.162           | 0.732       |
| Lincoln                           | 0.040      | 0.012       | 0.055          | 0.162           | 0.731       |
| Niagara                           | 0.001      | 0.028       | 0.037          | 0.204           | 0.730       |
| San Juan                          | 0.015      | 0.004       | 0.021          | 0.229           | 0.730       |
| Neshoba                           | 0.017      | 0.018       | 0.066          | 0.171           | 0.729       |
| Fulton                            | 0.078      | 0.015       | 0.060          | 0.118           | 0.729       |
| Yamhill                           | 0.021      | 0.035       | 0.072          | 0.143           | 0.729       |
| Bastrop                           | 0.007      | 0.020       | 0.084          | 0.161           | 0.729       |
| Grand Isle                        | 0.031      | 0.039       | 0.088          | 0.113           | 0.729       |
| Solano                            | 0.043      | 0.046       | 0.035          | 0.148           | 0.728       |
| Brewster                          | 0.011      | 0.012       | 0.077          | 0.172           | 0.728       |
| Stafford                          | 0.045      | 0.035       | 0.097          | 0.095           | 0.728       |
| Oakland                           | 0.028      | 0.027       | 0.049          | 0.169           | 0.727       |
| Wake                              | 0.015      | 0.020       | 0.070          | 0.168           | 0.727       |
| Dougherty                         | 0.033      | 0.037       | 0.045          | 0.159           | 0.726       |
| St. Louis city                    | 0.039      | 0.017       | 0.080          | 0.137           | 0.726       |
| Salem                             | 0.041      | 0.043       | 0.036          | 0.154           | 0.726       |
| Kleberg                           | 0.063      | 0.015       | 0.075          | 0.121           | 0.726       |
| Humboldt                          | 0.008      | 0.042       | 0.156          | 0.069           | 0.725       |
| Beaver                            | 0.015      | 0.023       | 0.100          | 0.137           | 0.725       |
| Lebanon                           | 0.026      | 0.008       | 0.062          | 0.178           | 0.725       |
| Orange                            | 0.020      | 0.020       | 0.072          | 0.164           | 0.724       |
| Bladen                            | 0.073      | 0.023       | 0.076          | 0.104           | 0.724       |
| Lancaster                         | 0.037      | 0.013       | 0.054          | 0.172           | 0.724       |
| Gloucester                        | 0.003      | 0.004       | 0.035          | 0.234           | 0.724       |
| Adams                             | 0.077      | 0.051       | 0.072          | 0.076           | 0.724       |
| King                              | 0.016      | 0.020       | 0.050          | 0.191           | 0.724       |
| Clear Creek                       | 0.002      | 0.015       | 0.138          | 0.123           | 0.723       |
| Howard                            | 0.024      | 0.015       | 0.067          | 0.170           | 0.723       |
| Warren                            | 0.026      | 0.018       | 0.104          | 0.130           | 0.723       |
| Sacramento                        | 0.025      | 0.028       | 0.062          | 0.164           | 0.722       |
| Park                              | 0.021      | 0.018       | 0.103          | 0.137           | 0.722       |
| Hillsborough                      | 0.023      | 0.031       | 0.069          | 0.155           | 0.722       |
| Cook                              | 0.023      | 0.021       | 0.072          | 0.162           | 0.722       |
| Rockland                          | 0.011      | 0.018       | 0.054          | 0.195           | 0.722       |
| Ellis                             | 0.027      | 0.017       | 0.044          | 0.190           | 0.722       |
| Live Oak                          | 0.005      | 0.003       | 0.081          | 0.189           | 0.722       |
| Tarrant                           | 0.023      | 0.034       | 0.077          | 0.144           | 0.722       |
| McKinley                          | 0.010      | 0.060       | 0.008          | 0.202           | 0.721       |
| Clackamas                         | 0.016      | 0.024       | 0.071          | 0.168           | 0.721       |
| Columbia                          | 0.020      | 0.046       | 0.050          | 0.163           | 0.721       |
| McLennan                          | 0.022      | 0.049       | 0.046          | 0.161           | 0.721       |
| Surry                             | 0.006      | 0.021       | 0.003          | 0.249           | 0.721       |
| Mason                             | 0.011      | 0.024       | 0.091          | 0.152           | 0.721       |
